-0.0417015285585841,0.149358091917423,0.255379124068002
-0.0420612698861627,0.149281660952513,0.255361136035139
-0.0424208810667417,0.149204356942122,0.255343138975434
-0.0427803599658579,0.149126180075967,0.2553251328912
-0.0431397044492157,0.149047130549026,0.255307117784755
-0.0434989123826986,0.148967208561531,0.255289093658416
-0.0438579816323832,0.148886414318971,0.255271060514502
-0.0442169100645524,0.148804748032092,0.255253018355332
-0.0445756955457077,0.148722209916895,0.255234967183227
-0.0449343359425825,0.148638800194642,0.255216907000509
-0.0452928291221557,0.14855451909185,0.255198837809499
-0.0456511729516638,0.148469366840292,0.255180759612522
-0.0460149683009867,0.148401413742111,0.255146754417671
-0.0463753455836693,0.14832207501708,0.255121158027567
-0.0467261271368737,0.148211941685431,0.255121158027567
-0.047076647146764,0.14810097875705,0.255121158027567
-0.0474269036513506,0.147989186853035,0.255121158027567
-0.0477768946901194,0.147876566599128,0.255121158027567
-0.0481266183040415,0.147763118625705,0.255121158027567
-0.0484760725355853,0.147648843567776,0.255121158027567
-0.0488252554287273,0.147533742064982,0.255121158027567
-0.0491741650289621,0.147417814761586,0.255121158027567
-0.0495227993833145,0.147301062306478,0.255121158027567
-0.0498711565403499,0.147183485353164,0.255121158027567
-0.0502557358072827,0.147171977078332,0.255025974912658
-0.0506431347245718,0.147167087347822,0.254923794430706
-0.0510306732129861,0.147161110869765,0.254821482236757
-0.0514184297294398,0.147154018568422,0.254719038452155
-0.0518064008659014,0.147145809332299,0.254616463198401
-0.0521945832099176,0.147136482060722,0.254513756597154
-0.0525829733446497,0.147126035663855,0.254410918770225
-0.0529715678489082,0.147114469062715,0.254307949839582
-0.0533603632971881,0.147101781189192,0.25420484992735
-0.053749356259705,0.147087970986059,0.254101619155808
-0.0541385433024298,0.147073037406991,0.25399825764739
-0.0545115119617726,0.147012725726733,0.253935539272518
-0.0548563346386525,0.146876065538353,0.253942397996639
-0.0551987913929285,0.146733215182913,0.253954296588365
-0.0555010943644965,0.146604629891231,0.253966190353158
-0.055794340661155,0.14647875458654,0.253978079289514
-0.0560873030207609,0.146352288985862,0.253989963395926
-0.0563799802478985,0.146225233728154,0.25400184267089
-0.05667237114859,0.146097589454803,0.254013717112902
-0.0569644745302996,0.145969356809633,0.254025586720459
-0.0572562892019395,0.145840536438892,0.254037451492059
-0.0575478139738742,0.145711128991256,0.254049311426198
-0.0578390476579256,0.145581135117821,0.254061166521377
-0.0581299890673783,0.145450555472102,0.254073016776093
-0.0584287857675859,0.145339660456014,0.254065844633932
-0.0587293703076497,0.145233093740235,0.254054023436678
-0.0589612242168501,0.145153760174323,0.254042197425945
-0.0591135315680911,0.145106440559406,0.254030366603224
-0.0592658019917364,0.145058957409136,0.254018530970004
-0.0594180353081332,0.145011310749785,0.254006690527775
-0.059570231337643,0.144963500607828,0.253994845278028
-0.0597223899006409,0.144915527009942,0.253982995222254
-0.059874510817517,0.144867389983006,0.253971140361947
-0.060026593908676,0.144819089554098,0.253959280698598
-0.0601786389945369,0.144770625750504,0.2539474162337
-0.0603306458955345,0.144721998599706,0.253935546968749
-0.0604721867837068,0.144648265402243,0.253947406758002
-0.0606136317610778,0.14457437391696,0.253959277138715
-0.0607442478744792,0.144504855402408,0.253971142713093
-0.0607250541579349,0.144459195355063,0.254012781634895
-0.0606951724815025,0.144388109655871,0.254077194745208
-0.0606652792627577,0.144316996498603,0.254141572617961
-0.0606353745087884,0.14424585590012,0.254205915237517
-0.0606054582266864,0.144174687877294,0.254270222588251
-0.060575530423547,0.144103492447002,0.254334494654548
-0.060545591106469,0.144032269626133,0.254398731420801
-0.0605156402825546,0.143961019431581,0.254462932871418
-0.0604877968183981,0.143894782447791,0.254522366749511
-0.0604683756413241,0.143848581293228,0.254562948540647
-0.060448949100542,0.143802367378909,0.254603513250656
-0.060429517198271,0.143756140710111,0.254644060874899
-0.0604140989652869,0.14371946218324,0.254676085106173
-0.0604440704753329,0.143790761588154,0.254611996320162
-0.060474030499068,0.143862033668214,0.254547872210536
-0.0605039790293915,0.143933278406528,0.254483712792861
-0.0605339160592063,0.144004495786213,0.254419518082712
-0.0605638415814187,0.144075685790394,0.254355288095678
-0.0605937555889387,0.144146848402204,0.254291022847355
-0.0606236580746798,0.144217983604785,0.254226722353352
-0.0606514559450461,0.144284112125235,0.254167114999711
-0.0606760908648763,0.144342716283694,0.254114608770603
-0.060700718958825,0.144401304204022,0.254062081222223
-0.0607253402241215,0.144459875879629,0.254009532360478
-0.0607499546579961,0.144518431303926,0.253956962191282
-0.0607599804903763,0.144542281816675,0.253935539272518
-0.0607599804903763,0.144542281816675,0.253935539272518
-0.0607599804903763,0.144542281816675,0.253935539272518
-0.0607599804903763,0.144542281816675,0.253935539272518
-0.0607599804903763,0.144542281816675,0.253935539272518
-0.0607599804903763,0.144542281816675,0.253935539272518
-0.0607599804903763,0.144542281816675,0.253935539272518
-0.0607630982325862,0.144549698632308,0.253928474631076
-0.0607683414326601,0.144562171712394,0.253916587025971
-0.0607735829962663,0.144574640899478,0.253904694616063
-0.0607788229227435,0.144587106191986,0.253892797402852
-0.0607840612114309,0.144599567588345,0.253880895387839
-0.0608339498375391,0.144593247011875,0.253868988572524
-0.0608881180263414,0.144585103471018,0.253857076958411
-0.0609422860254511,0.14457693592662,0.253845160547002
-0.0609964538228438,0.144568744376865,0.2538332393398
-0.0610506214064934,0.144560528819943,0.253821313338308
-0.0611047887643716,0.14455228925405,0.253809382544032
-0.0611589558844484,0.14454402567739,0.253797446958475
-0.0612047035042514,0.144515858648574,0.25380462017396
-0.0612483402903475,0.144482726274392,0.253816545740925
-0.0612919600090582,0.144449577021295,0.253828466521442
-0.0613355626533038,0.144416410899163,0.253840382514006
-0.0613791482160106,0.144383227917881,0.253852293717118
-0.0613705730980771,0.144372204707215,0.253864200129277
-0.0613164665115639,0.144380521894407,0.253876101748981
-0.0612623596693448,0.14438881511045,0.253887998574732
-0.061208252583424,0.144397084357132,0.253899890605032
-0.0611541452658039,0.144405329636248,0.25391177783838
-0.0611000377284847,0.1444135509496,0.25392366027328
-0.061045929983465,0.144421748298996,0.253935537908235
-0.0609970845647665,0.14444238344946,0.253935539272518
-0.0609482327749139,0.144463003511546,0.253935539272518
-0.0608993740144515,0.144483607051492,0.253935539272518
-0.060850508288967,0.144504194066942,0.253935539272518
-0.0608016356040495,0.144524764555541,0.253935539272518
-0.0607166311670205,0.144560496546221,0.253935539272518
-0.0604231775932559,0.144683399433024,0.253935539272518
-0.0601294752406129,0.144805706618388,0.253935539272518
-0.0598355253183453,0.144927417598741,0.253935539272518
-0.0595413290367257,0.145048531872965,0.253935539272518
-0.0592468876070413,0.145169048942399,0.253935539272518
-0.0589522022415888,0.145288968310842,0.253935539272518
-0.058657274153669,0.145408289484552,0.253935539272518
-0.0583621045575822,0.145527011972252,0.253935539272518
-0.0580666946686228,0.145645135285127,0.253935539272518
-0.0577710457030748,0.145762658936832,0.253935539272518
-0.0574751588782068,0.14587958244349,0.253935539272518
-0.057179035412266,0.145995905323694,0.253935539272518
-0.0561668928554747,0.146388273467938,0.253935539272518
-0.0549272408275754,0.14685790641648,0.253935539272518
-0.0536836625774454,0.147317041900227,0.253935539272518
-0.0524362469965799,0.14776564709998,0.253935539272518
-0.0511850832507686,0.148203689949252,0.253935539272518
-0.0499302607737208,0.148631139136556,0.253935539272518
-0.0486718692606741,0.149047964107645,0.253935539272518
-0.0474099986619821,0.149454135067696,0.253935539272518
-0.0461447391766848,0.149849622983436,0.253935539272518
-0.0448761812460613,0.150234399585224,0.253935539272518
-0.0436044155471651,0.150608437369067,0.253935539272518
-0.042329532986342,0.150971709598588,0.253935539272518
-0.0409748985675071,0.151344983892247,0.253935539272518
-0.0394889388968895,0.151738813921659,0.253936453431336
-0.0379953827214119,0.1521027911636,0.253952814009913
-0.0364984807950196,0.152452048703699,0.253969148914519
-0.0349983783706229,0.15278655588561,0.253985458141844
-0.0334935044519087,0.153098437252868,0.254008768548812
-0.0319847517947149,0.153390089924206,0.25403684730132
-0.0304734936699584,0.153666843582945,0.25406488500423
-0.0289598775063016,0.153928677096887,0.254092881642462
-0.0274440509061111,0.154175570795614,0.254120837200953
-0.0259261616309344,0.154407506471859,0.254148751664652
-0.0244063575869682,0.154624467382738,0.254176625018524
-0.0228847868105155,0.154826438250832,0.254204457247548
-0.0214537434312386,0.15490508755248,0.25431299104011
-0.0200269994409146,0.154988240314966,0.254408025986538
-0.0186055228407616,0.155099938386,0.254468011847642
-0.0171836500144737,0.155198382058442,0.254527727297112
-0.0157625758343666,0.155294108579955,0.254578150466877
-0.0143414508482024,0.155379709693325,0.25462570299517
-0.0129200595647878,0.155452118481235,0.254673021788257
-0.0114985261283049,0.155511337186038,0.254720106756902
-0.0100769746189423,0.155557369233165,0.254766957812168
-0.00865552904149068,0.155590219230128,0.254813574865408
-0.0072343133139527,0.155609892965409,0.254859957828273
-0.00581366252836571,0.155622052811767,0.254901415760405
-0.00439346836953188,0.155697014482275,0.25487982172703
-0.00297089658064993,0.155759036338207,0.254858063311171
-0.00154756123510107,0.155808377719008,0.254835874233859
-0.000123572072798686,0.155844627895309,0.254813583523243
0.0013010632394935,0.155881378690471,0.254779839818936
0.00272636249798111,0.155905249440451,0.254745815930989
0.00415220464151143,0.155916008195192,0.254711698021357
0.00557846832029871,0.155913646981447,0.254677486149491
0.00700503208318719,0.155898158955655,0.254643180374924
0.00843177438822782,0.155869538405143,0.254608780757275
0.00985857361326897,0.155827780749229,0.254574287356244
0.0112804918399624,0.155706403406862,0.254594426588525
0.012653156177562,0.155519778447228,0.254660105416487
0.0138555950678732,0.155335866591938,0.254725477730417
0.0150474729988385,0.155055430898662,0.254862133635359
0.0162310330106828,0.154720165732256,0.255035663132146
0.0174077017117854,0.154352948165301,0.255227224711547
0.0185795796901195,0.153976298589332,0.255418159176814
0.0197465877990147,0.153590271270218,0.255608465355856
0.0209086474733041,0.153194921163604,0.255798142080036
0.0220656807355203,0.15279030390883,0.255987188184186
0.0232176102020293,0.152376475822797,0.256175602506605
0.0243648454301433,0.151956527062851,0.256360979902585
0.0255409344534428,0.151729833103385,0.256385619775709
0.0267149653574219,0.151494005873816,0.256410217399094
0.0281809234912978,0.151194550773025,0.256434772758638
0.0297118302790935,0.15089371683583,0.256438631781223
0.0312626330642643,0.150688723601805,0.256351370893576
0.0328160215338761,0.150484702457706,0.256250297290041
0.0343684668150113,0.150264579625146,0.25614912383932
0.0359198011248123,0.150028353383816,0.256047850616512
0.037469856549134,0.149776023770487,0.2559464776968
0.0390184650610314,0.149507592581492,0.255845005155453
0.0405654585392841,0.149223063375018,0.255743433067826
0.0420833245936117,0.148825739992318,0.255720521979996
0.0435670486135587,0.148309982611573,0.255781326138369
0.0450445700579224,0.147779210930091,0.25584182119864
0.0463639749150746,0.147281358464986,0.255902006966214
0.0474816615691163,0.146835130082494,0.255961883247065
0.0485467589968353,0.146234473618334,0.25614472324376
0.0495834624884772,0.145561771800717,0.25638086718798
0.0506124371603526,0.144881211665252,0.256616188896569
0.0516336197554743,0.144192876443087,0.256850686677093
0.0526469478908506,0.143496849901076,0.257084358843083
0.0536523600622135,0.142793216332686,0.25731720371405
0.0546497956486509,0.142082060548866,0.257549219615492
0.0556829837874796,0.141474723011461,0.257691708885513
0.0567126567174756,0.140866431125898,0.257828510622497
0.0577361573129428,0.140250488872975,0.257965018010777
0.0587357650337788,0.139634387409397,0.258101230697801
0.0593699776141914,0.139164827620237,0.258237148331795
0.0600078505844111,0.138708400560631,0.258358567441801
0.060681802276782,0.138338402168384,0.258403408170962
0.0613534926279924,0.137965017362838,0.258448076115983
0.0620229040902405,0.137588259968668,0.258492571169296
0.0626900192006239,0.137208143903974,0.258536893223586
0.0633548205816491,0.136824683179753,0.258581042171785
0.0640173095268229,0.136437931509142,0.258624986357464
0.0646774760177362,0.13604791665545,0.258668714844024
0.0653352781702099,0.135654599413929,0.258712270117057
0.0659906989518939,0.135257994153396,0.258755652070754
0.0666437214182763,0.134858115332907,0.258798860599556
0.0668531839164652,0.1346748657027,0.258841895598158
0.0668533610854457,0.134675222607297,0.258833630163461
0.0669169389919222,0.134803299469382,0.258714854781561
0.0670047790383527,0.134980252095469,0.258553380757058
0.0670925130192749,0.135156991053976,0.258391621153979
0.0671801407360211,0.135333515944689,0.258229576350005
0.0672676619901944,0.135509826367939,0.258067246723534
0.0674239428754871,0.135824652169878,0.257793333202558
0.0675874573942108,0.136154050031872,0.257506616781025
0.0677507187032743,0.136482937806313,0.257219163764252
0.0679137261073999,0.136811314092573,0.256930975350192
0.0680764789124995,0.137139177492421,0.256642052740322
0.0682354681244607,0.137459459183055,0.256358299140068
0.0683785131411769,0.137747621500646,0.256100382376911
0.0684933418800282,0.137978942495065,0.255892697738804
0.0685218796624247,0.138036431484916,0.255840993867789
0.0685504097285875,0.138093904930515,0.255789268461731
0.0685789320753038,0.138151362825391,0.255737521526456
0.0686074466993618,0.138208805163072,0.255685753067789
0.0686359535975503,0.138266231937089,0.255633963091561
0.0686644527666593,0.138323643140977,0.255582151603603
0.0686929442034796,0.138381038768271,0.255530318609751
0.0687214279048025,0.138438418812506,0.255478464115841
0.0687499038674206,0.138495783267221,0.255426588127712
0.0687783720881273,0.138553132125957,0.255374690651207
0.0688068325637167,0.138610465382255,0.255322771692169
0.0688352852909839,0.13866778302966,0.255270831256444
0.0688420319984498,0.138681374183718,0.255258509920491
0.0688420319984498,0.138681374183718,0.255258509920491
0.0688420319984498,0.138681374183718,0.255258509920491
0.0688420319984498,0.138681374183718,0.255258509920491
0.0688420319984498,0.138681374183718,0.255258509920491
0.0688420319984498,0.138681374183718,0.255258509920491
0.0688420319984498,0.138681374183718,0.255258509920491
0.0688420319984498,0.138681374183718,0.255258509920491
0.0688420319984498,0.138681374183718,0.255258509920491
0.0688420319984498,0.138681374183718,0.255258509920491
0.0688420319984498,0.138681374183718,0.255258509920491
0.0688420319984498,0.138681374183718,0.255258509920491
0.0688899730036905,0.138777950712526,0.255170898774532
0.0690600457689971,0.139120560076592,0.254859276174078
0.0692298398526215,0.139462608040048,0.254546885830406
0.0693993545693844,0.139804093222612,0.254233729004122
0.0695685892352342,0.14014501424627,0.253919806958925
0.0697375431672493,0.140485369735284,0.2536051209616
0.0699062156836407,0.140825158316201,0.253289672282017
0.0700746061037552,0.141164378617853,0.252973462193123
0.0702427137480782,0.141503029271367,0.252656491970936
0.0704105379382358,0.141841108910167,0.252338762894545
0.0705780779969981,0.142178616169984,0.252020276246097
0.0707453332482818,0.142515549688855,0.2517010333108
0.0709123030171529,0.142851908107135,0.251381035376911
0.0709506007399613,0.142929058369453,0.251307453889667
0.0709506007399613,0.142929058369453,0.251307453889667
0.0709506007399613,0.142929058369453,0.251307453889667
0.0709506007399613,0.142929058369453,0.251307453889667
0.0709506007399613,0.142929058369453,0.251307453889667
0.0709506007399613,0.142929058369453,0.251307453889667
0.0709506007399613,0.142929058369453,0.251307453889667
0.0709506007399613,0.142929058369453,0.251307453889667
0.0709506007399613,0.142929058369453,0.251307453889667
0.0709506007399613,0.142929058369453,0.251307453889667
0.0709506007399613,0.142929058369453,0.251307453889667
0.0709506007399613,0.142929058369453,0.251307453889667
0.0709428863432433,0.142913517818037,0.251322281102543
0.070914997637687,0.142857336385001,0.251375860444536
0.0708871009320658,0.142801138835939,0.251429418716528
0.0708591962295268,0.142744925177191,0.251482955912479
0.0708312835332179,0.142688695415098,0.251536472026348
0.0708033628462882,0.142632449556003,0.251589967052097
0.0707754341718872,0.142576187606252,0.251643440983693
0.0707474975131658,0.142519909572192,0.251696893815103
0.0707195528732756,0.142463615460171,0.251750325540296
0.0706916002553689,0.142407305276541,0.251803736153245
0.0706636396625993,0.142350979027653,0.251857125647924
0.070635671098121,0.142294636719862,0.25191049401831
0.0706076945650892,0.142238278359525,0.251963841258384
0.0706472802008579,0.142318023105677,0.251888346455781
0.070703163795751,0.142430599877587,0.251781645466107
0.0707590155304093,0.14254311246747,0.251674860130958
0.0708148353796648,0.142655560824626,0.251567990498455
0.0708706233183641,0.142767944898383,0.251461036616754
0.0709263793213679,0.142880264638098,0.251353998534052
0.0709842904946705,0.142996925940228,0.251242940377322
0.0710462428272093,0.14312172810485,0.25112444167602
0.0711081546174699,0.143246448597582,0.251005835010404
0.0711700258266355,0.143371087340228,0.250887120453634
0.0712318564159166,0.143495644254647,0.250768298078943
0.071293646346551,0.143620119262754,0.250649367959639
0.0713733445655723,0.143780670283882,0.250495479120287
0.0714901417801344,0.144015956746906,0.250269060040746
0.071606795544816,0.14425095423202,0.25004226584407
0.0717233056186387,0.144485662253775,0.249815096995207
0.071839671760925,0.144720080327331,0.249587553959896
0.0719558937313004,0.144954207968455,0.24935963720467
0.0720612308873497,0.145166408293307,0.24915132985208
0.0721586761637728,0.145362710529742,0.24895719226512
0.0722560122308977,0.145558792765473,0.248762778923061
0.0723532389295721,0.145754654679889,0.248568090145833
0.0724503561008318,0.145950295952759,0.248373126253839
0.0725473635859007,0.146145716264231,0.248177887567952
0.0726442612261917,0.146340915294832,0.247982374409518
0.0726529195510642,0.146358357377185,0.24796340969464
0.0726406143878977,0.146333568786727,0.247986427657676
0.0726283019628869,0.146308765567379,0.248009425970225
0.0726159822822357,0.146283947731638,0.248032404620698
0.0726036553521518,0.146259115292009,0.248055363597516
0.0726057159936422,0.146263266427374,0.248051527950053
0.0726118810081059,0.146275685768478,0.248040046949997
0.0726180442099936,0.146288101458171,0.24802856102857
0.0726214916831672,0.146295046347845,0.248022068245024
0.0726094622640601,0.146270813240193,0.248044065527148
0.0725974293336168,0.146246573059,0.248066053090566
0.0725853928934081,0.146222325807431,0.248088030932407
0.0725733529450053,0.14619807148865,0.248109999049805
0.0725613094899802,0.146173810105825,0.248131957439891
0.0725492625299049,0.146149541662121,0.248153906099801
0.0725372120663522,0.146125266160709,0.248175845026669
0.0725251581008952,0.146100983604755,0.248197774217632
0.0725070717876328,0.146064548962948,0.248230934407508
0.0724888469029982,0.146027835170921,0.248264328090005
0.072470616621414,0.145991110506811,0.248297706868517
0.0723723351895128,0.145793123846087,0.248477229243315
0.0722262866017913,0.145498910873941,0.248742681145926
0.0720798958582347,0.145204008633336,0.249007178015928
0.0719331641934966,0.144908419611463,0.249270717622564
0.071786092845106,0.14461214630131,0.249533297743152
0.071638683053457,0.144315191201633,0.249794916163101
0.0714909360617978,0.144017556816941,0.250055570675932
0.0713428531162208,0.14371924565747,0.250315259083295
0.0711944354656516,0.143420260239165,0.250573979194988
0.0710456843618387,0.143120603083656,0.250831728828976
0.0708966010593432,0.14282027671824,0.25108850581141
0.0707388461576327,0.142502481529482,0.25135854209268
0.0704948761029227,0.142011007041228,0.25177278993959
0.0702500379845645,0.141517783850093,0.252184439084368
0.0700244294799861,0.141012847338898,0.25259348032615
0.069825345887455,0.140492574980869,0.252999904522366
0.0696250652399122,0.139970738745577,0.253403702588937
0.0694021241382618,0.139404230659878,0.253844513413385
0.0691426129716943,0.138765248924437,0.254347005687753
0.0688815715639568,0.138124241504344,0.25484600380455
0.0686190061373606,0.137481226512431,0.255341494588351
0.0683549229693999,0.136836222114975,0.255833464965048
0.0680893283926043,0.136189246531125,0.256321901962231
0.0678001883339545,0.13549627095412,0.256839615343506
0.0674926968766635,0.134767783923802,0.257377678892853
0.0671833687416251,0.134036824309949,0.257911170522236
0.0669046666666637,0.133287133533068,0.258440072055813
0.0673517177862592,0.132166734133654,0.258964365488034
0.0677862816948498,0.131043249003985,0.259484032984316
0.068208334876611,0.129916821774564,0.259999056881706
0.0680614760664508,0.127743337898274,0.261385262731687
0.0678203520787368,0.125446320185007,0.262846210144013
0.0675418897715035,0.123135237965181,0.264287784036006
0.0672270893913868,0.120812891343922,0.265707998808178
0.066879511260076,0.118486478612849,0.267102314585303
0.0665208160406912,0.116194429810265,0.268448229619104
0.0661296267757571,0.113898919287622,0.269769607209028
0.0657059607182953,0.111600550087493,0.271066289469681
0.0652498454765915,0.109299925129423,0.272338122005548
0.0647387081604598,0.107011329183372,0.273584953932696
0.0641840068375575,0.104728917963711,0.274806637899955
0.0635985037136726,0.102445677515516,0.276003030109549
0.0629360159026947,0.100088622276959,0.277222330148116
0.0621712367557162,0.0976212537022546,0.278485014085804
0.0613794138001794,0.0951648670119831,0.279712217955032
0.0605561249802321,0.0927127809475273,0.280907534789082
0.0596855660860151,0.0902414462057246,0.282081006650327
0.0587671917657128,0.0877512779831346,0.283231530835606
0.0578149116493055,0.0852640144248919,0.284349897503873
0.0568289028907316,0.0827803478038516,0.285435953091323
0.0558093547412443,0.080300967628227,0.286489549537622
0.0547490545848557,0.0778317760844076,0.287510544310061
0.0536367068535229,0.0753818354521142,0.288498800426692
0.0524931886955347,0.072937430251337,0.289454186478455
0.0513187300332361,0.0704992030241543,0.290376576650281
0.0498250188244994,0.0676758599886451,0.291446753655501
0.0482702806486239,0.0648277056958201,0.292485350616278
0.046678290207062,0.0619877847101089,0.293476836742929
0.0450806033531241,0.0591979145660805,0.294412911454468
0.043447839042339,0.0564189349870392,0.295303009650263
0.0417797043744075,0.0536507669451398,0.296147191585681
0.0400766407598018,0.0508942788908096,0.296945319127966
0.0383391049860533,0.0481503319199741,0.297697264294552
0.0365675690409837,0.0454197794473959,0.298402909276832
0.0347753842021161,0.0426929915714858,0.299062146461544
0.0329504685872578,0.039980809926982,0.299674878449768
0.0310911849305669,0.0372858458162863,0.300241018073531
0.0291734958886155,0.0345798099986464,0.30076726430927
0.0271803989848224,0.0318439780946288,0.301254495677786
0.0251847860201104,0.0291646229353591,0.301692828658835
0.0231947079572253,0.0265498561381904,0.302084846276506
0.0211729778493468,0.0239562163505946,0.302430395124348
0.0191202055424993,0.0213844964559525,0.302729443865072
0.017037014888882,0.0188354780506043,0.302981971063148
0.0149240434950889,0.0163099311482064,0.30318796518375
0.0127819424645316,0.0138086138892797,0.303347424589464
0.0106040125824186,0.0113391628923298,0.303460357534772
0.00839523316883838,0.00889845612198404,0.30352678215831
0.00616588727197264,0.0064781437932497,0.303546726472893
0.00392117139884539,0.00408362257422816,0.303521370070953
0.0019240357172427,0.00198618195812532,0.303447889791205
-7.08372976708158e-05,-7.24844904877826e-05,0.303338185796727
-0.00208170293528041,-0.00211144530391034,0.303192996153908
-0.0041080816218728,-0.0041302714740365,0.303012380113538
-0.00614950581992673,-0.0061285591904331,0.302796398020392
-0.00820550269413124,-0.00810591190995744,0.302545116051908
-0.0102755942490145,-0.0100619404582669,0.30225860620342
-0.0123592974681741,-0.0119962631289469,0.301936946272372
-0.0144600083256418,-0.0139044678618557,0.301580219841511
-0.0166126365500447,-0.0157488150907891,0.30118851626105
-0.0187873325390656,-0.0175587357710568,0.300761930629834
-0.0209833592454448,-0.0193337452180465,0.30030056377548
-0.0233030080162503,-0.0211669656131162,0.299795079172177
-0.0257587315876895,-0.0230657859919627,0.299243284025175
-0.0282356462884315,-0.0249246416877067,0.29865001852073
-0.0307328391834783,-0.0267430067025654,0.298015428663896
-0.0332493878045283,-0.0285203738714974,0.297339668257162
-0.0357843605535734,-0.0302562550569273,0.296622898865163
-0.0383368171103212,-0.0319501813348825,0.295865289777854
-0.0409058088432614,-0.0336017031724701,0.29506701797215
-0.0434903792241892,-0.0352103905966177,0.294228268072049
-0.0460446971124894,-0.0368319931457311,0.293349232307237
-0.048590623672098,-0.0384393505508516,0.292430110470196
-0.0511440977581829,-0.0400114880351904,0.291471109871807
-0.0538907245826644,-0.041692297865149,0.290334358118175
-0.0565542774736817,-0.0432659523811808,0.289174745883205
-0.0592170094484734,-0.044797317173931,0.287973138703235
-0.0618818529048021,-0.0462890891331015,0.286728387542335
-0.064547883626012,-0.0477410012071747,0.285440823983893
-0.0672141754126139,-0.0491528042889806,0.284110789177907
-0.0698798004678602,-0.0505242672738942,0.282738633751055
-0.0725438297839901,-0.0518551771100381,0.281324717714467
-0.0752053335289721,-0.0531453388404765,0.279869410369207
-0.0778330712510691,-0.0544379375680971,0.278373090209503
-0.080391980366771,-0.0557833952720458,0.276836144823734
-0.0828654611951128,-0.0570441217201201,0.275338096883109
-0.0851553803717862,-0.0581546879613147,0.273990079081936
-0.0874401337245592,-0.0592391273736594,0.272611284664323
-0.0897192429903811,-0.0602973606452798,0.271201912300406
-0.0919917256328658,-0.0613289789206067,0.269762489445838
-0.0942570685033904,-0.0623339011574898,0.268293268701006
-0.0965147593058361,-0.0633120540640741,0.266794507264387
-0.0987642867297701,-0.0642633720987682,0.265266466886953
-0.101005140583394,-0.0651877974680537,0.263709413825847
-0.103236811926223,-0.0660852801221379,0.262123618797322
-0.105458793201458,-0.0669557777484532,0.260509356928964
-0.10742797786104,-0.0681758678467613,0.258871315475103
-0.109465050218399,-0.0694686332752356,0.257065731624938
-0.111507406767956,-0.0707647521540496,0.255190045328785
-0.113526593102943,-0.0720461667675699,0.253282995282708
-0.115206695231373,-0.0731123920001166,0.251618247417866
-0.116866525408601,-0.0741657522612319,0.249933835057941
-0.118508490285778,-0.0752077748581783,0.248227814450413
-0.120132381149503,-0.0762383273374038,0.246500454709401
-0.121737992201287,-0.0772572790952156,0.244752027871929
-0.123325120587488,-0.0782645013967793,0.242982808853376
-0.124893566428769,-0.0792598673948089,0.241193075402487
-0.126443132849048,-0.0802432521479443,0.239383108055955
-0.127963659114065,-0.0812082074581465,0.237572340748902
-0.129437031041348,-0.0821432377156606,0.235798124834283
-0.130892572640704,-0.0830669525029901,0.234005663076337
-0.132330117337831,-0.0839792461088688,0.232195209970188
-0.133608001483312,-0.084790216047617,0.230527015207412
-0.134731420870376,-0.085503159669883,0.229004662912516
-0.135842145008918,-0.0862080466424497,0.227471024026512
-0.136940088823033,-0.0869048229745066,0.225926249767587
-0.138025168536378,-0.0875934354999688,0.224370492292115
-0.139097301679783,-0.0882738318823106,0.222803904678871
-0.140156407098732,-0.0889459606193089,0.221226640913152
-0.141202404960696,-0.0896097710477015,0.219638855870817
-0.142186113118462,-0.0902228043265149,0.218183511293341
-0.143166170224371,-0.0907767526069804,0.21676891944543
-0.144136430824365,-0.0913235931101203,0.215345875582336
-0.145096832923812,-0.0918633010842816,0.213914483735695
-0.146040224774093,-0.0923913665972933,0.212484653875206
-0.146231129664707,-0.0924428683877172,0.212083706751309
-0.14642113659716,-0.0924936517396912,0.211682296524087
-0.146610243802581,-0.0925437168928242,0.211280426419908
-0.14679844951966,-0.0925930640936138,0.210878099668876
-0.146985751994663,-0.0926416935954392,0.210475319504798
-0.147172149481459,-0.0926896056585541,0.210072089165158
-0.147332648318869,-0.092721072346617,0.209745127062237
-0.147405245710576,-0.0926971394072044,0.209686690382096
-0.147453111198152,-0.0927124782627958,0.209628237357868
-0.147494309980457,-0.0927383823700599,0.209569767996137
-0.147535492146882,-0.0927642760299393,0.209511282303491
-0.147576657692789,-0.0927901592395169,0.209452780286517
-0.147639545063633,-0.0928297002431283,0.209363331323537
-0.147721701569109,-0.0928813568895443,0.209246333751057
-0.147803791628176,-0.0929329717571792,0.209129271117742
-0.147885815203909,-0.0929845448228161,0.209012143476247
-0.147967772259413,-0.093036076063257,0.208894950879259
-0.148049662757824,-0.0930875654553227,0.20877769337949
-0.148131486662305,-0.093139012975853,0.208660371029684
-0.148213243936053,-0.0931904186017062,0.208542983882613
-0.148294934542291,-0.0932417823097598,0.208425531991081
-0.148376558444276,-0.09329310407691,0.208308015407916
-0.148458115605291,-0.0933443838800716,0.20819043418598
-0.148539605988653,-0.0933956216961789,0.20807278837816
-0.148617922190292,-0.093444863716799,0.207959573175011
-0.148617922190292,-0.093444863716799,0.207959573175011
-0.148617922190292,-0.093444863716799,0.207959573175011
-0.148617922190292,-0.093444863716799,0.207959573175011
-0.148617922190292,-0.093444863716799,0.207959573175011
-0.148617922190292,-0.093444863716799,0.207959573175011
-0.14861867037411,-0.0934453341441464,0.207957226694662
-0.148624049764598,-0.0934487164846043,0.207940345294662
-0.148629424071313,-0.0934520956285941,0.207923461635456
-0.148634793293575,-0.0934554715756883,0.20790657571918
-0.148640157430705,-0.0934588443254598,0.207889687547972
-0.148645516482025,-0.0934622138774819,0.207872797123966
-0.148650870446856,-0.0934655802313281,0.207855904449302
-0.148656219324521,-0.0934689433865726,0.207839009526115
-0.148661563114343,-0.0934723033427899,0.207822112356545
-0.148666901815647,-0.0934756600995548,0.207805212942727
-0.148672235427755,-0.0934790136564426,0.207788311286802
-0.148677563949995,-0.093482364013029,0.207771407390906
-0.148679028924854,-0.093483285129231,0.207766756764525
-0.148673716178535,-0.0934799446918974,0.207783615683061
-0.148668398369581,-0.0934766010713861,0.207800472374286
-0.148643209530107,-0.0935048423386806,0.207817326836078
-0.148606322442576,-0.0935516426804169,0.207834179066316
-0.148569415638627,-0.0935984255887435,0.20785102906288
-0.148532489127573,-0.0936451910544002,0.207867876823649
-0.148495542918729,-0.0936919390681319,0.207884722346502
-0.148458577021418,-0.093738669620689,0.20790156562932
-0.148421591444966,-0.0937853827028279,0.207918406669984
-0.148384586198705,-0.0938320783053101,0.207935245466373
-0.148347561291972,-0.0938787564189028,0.20795208201637
-0.14831349083704,-0.0939273005411214,0.207959573175011
-0.14828178730193,-0.0939773425127364,0.207959573175011
-0.148250066882321,-0.0940273737833729,0.207959573175011
-0.14823209638198,-0.094055701333914,0.207959573175011
-0.148263963009177,-0.0940054606074783,0.207959573175011
-0.148295812608144,-0.0939552090844422,0.207959573175011
-0.14832764517522,-0.0939049467705771,0.207959573175011
-0.148359460706751,-0.0938546736716557,0.207959573175011
-0.148391259199082,-0.0938043897934518,0.207959573175011
-0.148423040648561,-0.0937540951417407,0.207959573175011
-0.148454805051538,-0.0937037897222985,0.207959573175011
-0.148486552404365,-0.093653473540903,0.207959573175011
-0.148518282703396,-0.0936031466033331,0.207959573175011
-0.148549995944986,-0.0935528089153688,0.207959573175011
-0.148581692125493,-0.0935024604827916,0.207959573175011
-0.148613371241277,-0.0934521013113835,0.207959573175011
-0.148617922190292,-0.093444863716799,0.207959573175011
-0.148617922190292,-0.093444863716799,0.207959573175011
-0.148617922190292,-0.093444863716799,0.207959573175011
-0.148617922190292,-0.093444863716799,0.207959573175011
-0.148617922190292,-0.093444863716799,0.207959573175011
-0.148618056914236,-0.0934449484256984,0.207959147159003
-0.148633727535365,-0.0934548014705677,0.207909566701363
-0.148649382880419,-0.0934646449104666,0.207859979510459
-0.148665022947324,-0.0934744787440913,0.207810385592858
-0.148680647734009,-0.0934843029701394,0.207760784955129
-0.148696257238405,-0.0934941175873099,0.207711177603841
-0.148711851458444,-0.0935039225943028,0.207661563545563
-0.148727430392062,-0.0935137179898196,0.207611942786867
-0.148742994037194,-0.0935235037725629,0.207562315334325
-0.14875854239178,-0.0935332799412368,0.207512681194508
-0.14877407545376,-0.0935430464945464,0.207463040373992
-0.148789593221077,-0.0935528034311983,0.20741339287935
-0.148797368929641,-0.0935576924783355,0.207388494368563
-0.148797368929641,-0.0935576924783355,0.207388494368563
-0.148797368929641,-0.0935576924783355,0.207388494368563
-0.148797368929641,-0.0935576924783355,0.207388494368563
-0.148797368929641,-0.0935576924783355,0.207388494368563
-0.148797368929641,-0.0935576924783355,0.207388494368563
-0.148797368929641,-0.0935576924783355,0.207388494368563
-0.148797368929641,-0.0935576924783355,0.207388494368563
-0.148797368929641,-0.0935576924783355,0.207388494368563
-0.148797368929641,-0.0935576924783355,0.207388494368563
-0.148797368929641,-0.0935576924783355,0.207388494368563
-0.148797368929641,-0.0935576924783355,0.207388494368563
-0.148782201772921,-0.0935481559912699,0.207437047990263
-0.148766717006798,-0.0935384198044179,0.207486563547595
-0.148751217026222,-0.0935286740513402,0.20753607246228
-0.148735701833233,-0.0935189187333209,0.207585574727795
-0.148720171429877,-0.0935091538516452,0.207635070337617
-0.1487046258182,-0.0934993794075998,0.207684559285226
-0.148689065000249,-0.0934895954024725,0.2077340415641
-0.148673488978076,-0.0934798018375523,0.207783517167721
-0.148657897753731,-0.0934699987141298,0.207832986089569
-0.14864229132927,-0.0934601860334963,0.207882448323127
-0.148626669706749,-0.0934503637969449,0.207931903861877
-0.148617922190292,-0.093444863716799,0.207959573175011
-0.148617922190292,-0.093444863716799,0.207959573175011
-0.14859238599304,-0.0934288076016485,0.207996505105533
-0.1485547362623,-0.0934051349926785,0.208045989433209
-0.148519518243099,-0.093382991344348,0.208087802624275
-0.148484288105332,-0.093360840076359,0.208129601780331
-0.148449045852967,-0.0933386811912071,0.2081713868966
-0.148413791489975,-0.093316514691389,0.208213157968307
-0.148378525020328,-0.0932943405794021,0.20825491499068
-0.148334798654765,-0.0932855931683272,0.208296657958946
-0.148267910704318,-0.093313628261162,0.208338386868335
-0.148201008695861,-0.0933416211323292,0.20838010171408
-0.1481193925194,-0.0933603062124637,0.208467960333054
-0.148036696303998,-0.0933782627053394,0.208559058949395
-0.14793432387071,-0.0933837501980561,0.208678330234616
-0.14763843255066,-0.093266919911108,0.209087897504224
-0.14733889918251,-0.0931475366189814,0.209505780366732
-0.147038609185105,-0.093027420523351,0.209922958153161
-0.146737564548739,-0.092906571660169,0.210339428390832
-0.146435767268275,-0.0927849900708946,0.210755188610717
-0.14613321934313,-0.0926626758024964,0.211170236347456
-0.145829922777262,-0.0925396289074571,0.211584569139368
-0.145582246861664,-0.0923270288399355,0.211998184528473
-0.145339788282097,-0.0921042958702908,0.212411087897952
-0.145096346817614,-0.0918812001351083,0.212823280705726
-0.14485192738939,-0.091657745963628,0.213234748718981
-0.144606530933049,-0.0914339351547938,0.213645489494304
-0.144072348182652,-0.0910279249956896,0.214435348175421
-0.143360211703172,-0.0905100993881454,0.215454210396677
-0.142642585773932,-0.089989513903628,0.216467914826408
-0.141919492985874,-0.0894661901087301,0.217476424969753
-0.141190956140432,-0.0889401496539776,0.218479704510169
-0.140456998248816,-0.0884114142729372,0.219477717310745
-0.139717642531282,-0.0878800057813202,0.220470427415505
-0.13894182210626,-0.0873953931921689,0.221457799050704
-0.138149886582209,-0.0869624140413432,0.222398299279519
-0.137356228213775,-0.0865276301615995,0.223327442350141
-0.136558405835294,-0.0860894997029151,0.224251414781905
-0.135757450495249,-0.0856486668031878,0.225167818609308
-0.134951552019303,-0.0852039836880336,0.226073189282881
-0.134103901224525,-0.0847321853890021,0.227016923453073
-0.133251864960265,-0.084256839757217,0.227954844947518
-0.132395476022399,-0.0837779608403037,0.228886920703496
-0.131534767350227,-0.0832955628327012,0.229813117867834
-0.130669772025191,-0.0828096600752477,0.230733403798064
-0.1298005232696,-0.0823202670547612,0.231647746063582
-0.128894209922159,-0.0818143980423071,0.232618318559277
-0.12790065904802,-0.081305396068729,0.233704378228752
-0.126901302930202,-0.0807909123441627,0.234783004586449
-0.12589619374165,-0.0802709613416237,0.235854141760412
-0.124880014619412,-0.0797421292996513,0.236928397577713
-0.123847747040405,-0.0792011729135052,0.238015099912127
-0.122936602703595,-0.0787359223465822,0.238967613506691
-0.122089000676238,-0.0783097893614402,0.23984710841928
-0.12123753095238,-0.0778796520014447,0.240721384394367
-0.120382225335792,-0.0774455177369328,0.24159040861561
-0.119523115769028,-0.0770073942241449,0.242454148436723
-0.118660234332097,-0.0765652893051997,0.243312571382742
-0.117853707782595,-0.0761580445997748,0.244058824132067
-0.117039086859191,-0.0757868578488575,0.244775683013189
-0.116216225770463,-0.0754213998277808,0.245488157884764
-0.115391168421727,-0.0750523620537881,0.246196229913527
-0.114568622412626,-0.0746827998003515,0.246891941090454
-0.113748018395492,-0.0743123480580787,0.247576521328291
-0.11290633465019,-0.0739259377365576,0.248273512913883
-0.111980068073627,-0.0734818021890203,0.249037607233829
-0.111051202477,-0.0730334861008243,0.249796050846532
-0.110119774019173,-0.0725809973602981,0.250548819214232
-0.109185818925071,-0.0721243440570992,0.251295887973837
-0.108212366795554,-0.0716390352169415,0.252095663908444
-0.107138826416447,-0.0710846919981275,0.253040327778911
-0.106060733024967,-0.0705244193031978,0.253977068234748
-0.104978139217238,-0.0699582416407288,0.254905833947521
-0.10389112290084,-0.0693861462939834,0.255826573962023
-0.102806798865814,-0.0688128703033679,0.256728955215641
-0.101720773465595,-0.068235472469578,0.257619765102712
-0.100630660851697,-0.0676523355383297,0.258502570283467
-0.0994986419973271,-0.0670379547711192,0.259405460349456
-0.0983456452500559,-0.0664062702648855,0.260311890841688
-0.0971883241590651,-0.0657684525024934,0.261209308693554
-0.0960267464447031,-0.0651245219043986,0.262097661206284
-0.0949936798727832,-0.0645646919204559,0.262801239691529
-0.0940026835589727,-0.0640306484340247,0.263439707869853
-0.0930099360441779,-0.0634926589061277,0.264071846497281
-0.092015494793342,-0.0629507088502056,0.264697635800995
-0.0910193794457135,-0.0624048394236888,0.265317056210725
-0.0900023605366981,-0.0618418254139368,0.265954324575461
-0.0889822096116656,-0.0612738052121281,0.266586579160263
-0.0879602888090207,-0.0607016990831603,0.267212119082703
-0.0869597781422554,-0.0601415246658401,0.267816287736838
-0.086047102717101,-0.0596394119114656,0.268358154747037
-0.0851332526249536,-0.0591339243699473,0.268894734179829
-0.0842182575452907,-0.0586250722568251,0.269426011753829
-0.0833021471669058,-0.0581128659329468,0.269951973325659
-0.0823849511868681,-0.0575973159042301,0.270472604890324
-0.0814666993094815,-0.0570784328214195,0.270987892581586
-0.0805474008363758,-0.0565562565461536,0.271497822672334
-0.0796285667491886,-0.0560318252807914,0.272000728918669
-0.0787181939892859,-0.0555107452068095,0.272487816899769
-0.0778069717678522,-0.0549864695842057,0.272969646155519
-0.0768949286716176,-0.0544590094405201,0.273446204497286
-0.075982093284714,-0.0539283759385862,0.273917479869769
-0.0749044196678954,-0.0532778777537928,0.274471762772957
-0.073759414521999,-0.052576256717964,0.275053446084621
-0.0725442154278563,-0.0518211521934565,0.275698492032409
-0.0712971577967225,-0.0510396774484728,0.276364483268585
-0.0700477210282371,-0.0502528269191333,0.277020187144585
-0.0687959765552985,-0.0494606331941349,0.277665566533354
-0.0675489387089688,-0.0486534915431688,0.278300584821722
-0.0663250447365089,-0.0478060184570769,0.278925205912475
-0.0650979344716381,-0.0469549846977146,0.279539394226396
-0.0638676707687102,-0.0461004297741396,0.280143114704279
-0.0626343166389413,-0.0452423934317324,0.280736332808912
-0.0613979352470637,-0.0443809156503259,0.281319014527045
-0.0602261641628937,-0.0435649168397756,0.28186261038268
-0.0592805118264304,-0.0429114070962606,0.282302008586563
-0.0583333691121285,-0.042255858320659,0.282735126297179
-0.0573846116790808,-0.041598177375034,0.283162086362624
-0.0564342682907197,-0.0409383819260203,0.283582873827855
-0.0554823677561099,-0.0402764897291758,0.283997473919217
-0.0545289389290227,-0.039612518628493,0.284405872044948
-0.0535415899818754,-0.0389910448756769,0.284808053795686
-0.052546830126571,-0.0383755199151796,0.285204004944966
-0.0515519400222559,-0.0377559878256995,0.285593711449714
-0.0505569577906516,-0.0371324645612944,0.285977159450735
-0.0495619215248628,-0.0365049662962237,0.286354335273189
-0.0485668692876857,-0.0358735094244568,0.286725225427077
-0.0474408903884212,-0.0351411123011253,0.287112833901472
-0.0462776695055261,-0.034376531595986,0.287492851664277
-0.0451146455135935,-0.0336074087217186,0.287864181316098
-0.0439518741044871,-0.0328337727005182,0.288226807133208
-0.0427894108881828,-0.032055652877962,0.288580713732329
-0.0416273113898005,-0.0312730789217127,0.28892588607128
-0.0404746005244582,-0.030474171558295,0.289262309449611
-0.0393332355799499,-0.0296565164387715,0.28958996950923
-0.0381913058573676,-0.0288360559803284,0.289908852235007
-0.0370488593134223,-0.0280128210363623,0.290218943955375
-0.0359059438890768,-0.0271868426369291,0.290520231342909
-0.0347667159524417,-0.0263612671456137,0.290809985908991
-0.0337208533932491,-0.0256041949954584,0.291055139851563
-0.032856720742074,-0.024983110659293,0.291251457456519
-0.0319927198863551,-0.0243603181456329,0.291442777647031
-0.0311288717828675,-0.0237358310942553,0.291629096204605
-0.0302651973665945,-0.0231096632098578,0.291810409021033
-0.0294017175501889,-0.0224818282617322,0.291986712098479
-0.0285381005207025,-0.0218528006941567,0.29215800154957
-0.0276678899633638,-0.0212310360307482,0.292324273597478
-0.026798362491304,-0.0206070589962506,0.292485524576008
-0.0259295408580723,-0.019980884115921,0.292641750929675
-0.0250614477727969,-0.0193525260073642,0.292792949213784
-0.024194105899521,-0.0187219993801356,0.292939116094507
-0.02332753785654,-0.0180893190353391,0.293080248348954
-0.0223229873842795,-0.0173466581633828,0.293238143438415
-0.0212757187905455,-0.0165675186439601,0.293395729072781
-0.0202293640447752,-0.0157857314378406,0.293545865961154
-0.0191839614835862,-0.0150013230863572,0.293688549215525
-0.018139549359526,-0.0142143202912284,0.293823774190551
-0.0170961658395422,-0.0134247499135451,0.293951536483707
-0.0160624242476743,-0.0126217337370627,0.294071831935435
-0.0150326721174709,-0.011812562157344,0.294184656629272
-0.0140024305681522,-0.0110030059957178,0.294290006891981
-0.0129717331413205,-0.010193091608926,0.29438787929367
-0.01194061339342,-0.00938284536537335,0.294478270647906
-0.0109091048946444,-0.00857229364426881,0.294561178011814
-0.00987721216932781,-0.00776144000080068,0.294636600704344
-0.00884492347429256,-0.00695027520726701,0.294704538454565
-0.00781234675712888,-0.00613888408808295,0.294764983346424
-0.00677951564220271,-0.00532729306502554,0.294817933411621
-0.00574646376216415,-0.00451552856638166,0.294863386925912
-0.00471322475685216,-0.00370361702608702,0.294901342409171
-0.00367983227219924,-0.00289158488286558,0.294931798625433
-0.00264631995913546,-0.00207945857936843,0.294954754582933
-0.0016127214724932,-0.001267264561313,0.294970209534145
-0.000579070469910844,-0.0004550292766217,0.294978162975801
0.000454599389263052,0.000357220825439267,0.294978614648909
0.00148825444506596,0.0011694592951212,0.29497156453876
0.00252186103801731,0.00198165968305414,0.294957012874931
0.00350521405462504,0.00275437118374539,0.294936203938025
0.00447609733994841,0.00351728406216042,0.294908994448981
0.00544685197449053,0.0042800958477465,0.294875165624705
0.00641745005708366,0.00504278461597325,0.294834718437496
0.00738786369105989,0.00580532844584606,0.294787654049876
0.00835806498505241,0.00656770542053592,0.294733973814558
0.00932802605379764,0.00732989362800973,0.294673679274404
0.0102977190189363,0.00809187116165972,0.294606772162384
0.0112671160098151,0.00885361612093349,0.294533254401523
0.0122361891642874,0.00961510661196295,0.294453128104849
0.0132049106295143,0.010376320748194,0.294366395575332
0.0141732525627649,0.0111372366510156,0.294273059305813
0.0148498433515419,0.0116688966702763,0.294203901558043
0.0148498433515419,0.0116688966702763,0.294203901558043
0.0148498433515419,0.0116688966702763,0.294203901558043
0.0148498433515419,0.0116688966702763,0.294203901558043
0.0148498433515419,0.0116688966702763,0.294203901558043
0.0148498433515419,0.0116688966702763,0.294203901558043
0.0148498433515419,0.0116688966702763,0.294203901558043
0.0148498433515419,0.0116688966702763,0.294203901558043
0.0148498433515419,0.0116688966702763,0.294203901558043
0.0148498433515419,0.0116688966702763,0.294203901558043
0.0148498433515419,0.0116688966702763,0.294203901558043
0.0148498433515419,0.0116688966702763,0.294203901558043
0.0148498433515419,0.0116688966702763,0.294203901558043
0.0148498433515419,0.0116688966702763,0.294203901558043
0.0148498433515419,0.0116688966702763,0.294203901558043
0.0148498433515419,0.0116688966702763,0.294203901558043
0.0148498433515419,0.0116688966702763,0.294203901558043
0.0148498433515419,0.0116688966702763,0.294203901558043
0.0148498433515419,0.0116688966702763,0.294203901558043
0.0149281260455782,0.0117304106301313,0.294225311216039
0.0150092768400781,0.0117941783220398,0.294247428292836
0.0150904402354064,0.0118579559155857,0.294269470454383
0.0151716161888056,0.0119217433771705,0.294291437689067
0.0152528046575116,0.0119855406731904,0.294313329985316
0.0153340055987539,0.0120493477700368,0.294335147331598
0.0154152189697552,0.0121131646340956,0.294356889716418
0.0154964447277318,0.0121769912317476,0.294378557128323
0.0155776828298936,0.0122408275293686,0.294400149555898
0.0156589332334436,0.0123046734933292,0.294421666987767
0.0157401958955785,0.0123685290899949,0.294443109412597
0.0158387080986315,0.0124459392478648,0.29446899850889
0.0159608055656065,0.0125418825310433,0.294500926391605
0.0160829303273842,0.0126378472622752,0.294532684975386
0.0162050822388319,0.0127338333275162,0.294564274222491
0.0163272611547845,0.0128298406126967,0.29459569409538
0.0164494669300451,0.012925869003722,0.294626944556712
0.0165716994193844,0.0130219183864722,0.294658025569351
0.0166939584775419,0.0131179886468023,0.29468893709636
0.0168162439592251,0.0132140796705428,0.294719679101003
0.0169385557191102,0.0133101913434993,0.294750251546746
0.0170608936118423,0.013406323551453,0.294780654397258
0.0171832574920353,0.0135024761801606,0.294810887616408
0.0173055381171183,0.0135985633876207,0.294840924448244
0.0174278316119049,0.0136946607079984,0.294870788767444
0.0175501506072267,0.0137907780665074,0.294900483686014
0.0176724949580097,0.0138869153491496,0.294930009168734
0.0177948645191494,0.0139830724419029,0.294959365180587
0.0179172591455115,0.0140792492307219,0.294988551686755
0.0180396786919322,0.014175445601538,0.295017568652623
0.018162123013218,0.014271661440259,0.295046416043774
0.0182845919641458,0.0143678966327701,0.295075093825996
0.0184070853994638,0.0144641510649331,0.295103601965275
0.0185296031738907,0.0145604246225873,0.2951319404278
0.0186230374425955,0.0146338445773416,0.295153434056956
0.0186639002834232,0.0146659542943254,0.295162802125117
0.0187047657963315,0.0146980661110104,0.295172151321356
0.0187456339759319,0.0147301800231621,0.29518148164444
0.0187865048168354,0.0147622960265462,0.295190793093138
0.0188273783136529,0.0147944141169277,0.295200085666222
0.018868254460995,0.0148265342900718,0.295209359362467
0.0189091332534716,0.0148586565417429,0.295218614180651
0.0189500146856925,0.0148907808677056,0.295227850119552
0.0189908987522672,0.0149229072637238,0.295237067177954
0.0189787570686283,0.0149133664188521,0.295253333003863
0.018958764120964,0.0148976561089919,0.29527063419137
0.0188380360815407,0.0148027889118178,0.295265197779158
0.0186953483134156,0.0146906659228442,0.29525464598171
0.0185526789066592,0.0145785573620978,0.29524392274285
0.0183984367327634,0.0144812022363195,0.295233028091523
0.0182364205425334,0.0143937156865753,0.29522196205686
0.0180746940003441,0.0143058319432308,0.295210724668175
0.0179132580013745,0.0142175517646688,0.295199315954965
0.0177521134389258,0.0141288759112908,0.295187735946909
0.0175912612044163,0.014039805145512,0.295175984673871
0.0174307021873773,0.013950340231757,0.295164062165899
0.0172941188687957,0.0138794877260357,0.295149049802162
0.0172894540122084,0.0139142766334716,0.295152475098579
0.0175132323158264,0.0141334864466609,0.295210921735903
0.0177365467445859,0.0143534071831795,0.295268688103744
0.0179593945232465,0.0145740371860599,0.295325773927231
0.0181752522855262,0.0148033842287981,0.295382178934727
0.0183666157892307,0.0150627248562669,0.295437902857839
0.0185565250674317,0.0153236018195748,0.295492945431412
0.0187449705278205,0.0155860076071623,0.295547306393535
0.0189319426172302,0.0158499346512697,0.295600985485538
0.0191174318219569,0.0161153753281456,0.295653982451998
0.0193014286680794,0.0163823219582565,0.295706297040736
0.0194839237217785,0.0166507668064995,0.295757929002822
0.0195194284414919,0.0167955243100791,0.295797219337191
0.019522379037275,0.0169131630979916,0.295831287133382
0.0195247627975834,0.0170310179659431,0.295865263096153
0.0195265782368921,0.017149086405513,0.295899147213642
0.0195278238803542,0.0172673659003566,0.295932939474037
0.0195524309944971,0.0173589343967615,0.295966639865572
0.0195821479169112,0.0174446237366906,0.296000248376531
0.0196116363459213,0.0175304680620009,0.296033764995243
0.0196408957904204,0.017616466814865,0.296067189710088
0.019669925760648,0.017702619436072,0.296100522509494
0.0196987257681923,0.0177889253650302,0.296133763381933
0.0197077989561338,0.0178577179029341,0.296162851300892
0.0195633699051718,0.0177871867499921,0.296194581655199
0.0192848151682538,0.0175935859288465,0.296246775669302
0.0190068997026555,0.0173990284267548,0.296298474086484
0.0187296266043524,0.0172035162330918,0.296349676729078
0.0184529989631562,0.0170070513472141,0.296400383420543
0.0181745788879774,0.016812274930444,0.296450593985462
0.0178936936519043,0.0166198874829907,0.296500308249548
0.0176135953246751,0.0164263669933532,0.296549526039637
0.0173342880168317,0.0162317162320592,0.296598247183695
0.0170557758293544,0.016035937984313,0.296646471510816
0.0167780628536097,0.0158390350499621,0.296694198851221
0.0164633544890905,0.0156051818641107,0.296732574634704
0.0161496181867585,0.0153700748669177,0.296770297318188
0.0158371189871936,0.0151339665151616,0.296807332821052
0.0155256202174566,0.0148966319555725,0.296843713657045
0.0152151064719892,0.0146580557893783,0.296879442380898
0.014905582373227,0.0144182417091971,0.296914518892286
0.0145973846039128,0.0141768515083039,0.296948943092718
0.0142992555905859,0.0139249259232689,0.296982714885533
0.0140017948375652,0.0136721814947086,0.2970158341759
0.013705004847683,0.0134186202806339,0.297048300870824
0.0134088881175398,0.0131642443466154,0.29708011487914
0.0131134471374808,0.0129090557657642,0.297111276111515
0.0128186843915732,0.012653056618713,0.297141784480452
0.0125246023575835,0.0123962489935972,0.297171639900284
0.0122549639886881,0.0121622156430564,0.297198359785105
0.0120174169199027,0.0119587580612925,0.29722130304869
0.0117804211927504,0.0117546592858787,0.297243828034853
0.0115439785319089,0.0115499208038606,0.297265934703088
0.0113080906580453,0.0113445441069226,0.297287623013647
0.0110679208064617,0.011143338513672,0.297308892927529
0.0108258266073858,0.0109439237495737,0.297329744406489
0.0105845688150672,0.0107435535001413,0.297350177413033
0.0103441507418007,0.0105422307019123,0.297370191910418
0.0101045756898884,0.0103399583026376,0.297389787862657
0.00986584695160151,0.010136739261247,0.297408965234513
0.00962796780914273,0.00993257654781637,0.297427723991502
0.009390941534609,0.00972747314353269,0.297446064099894
0.00910400811368554,0.00946863562832404,0.297468128518534
0.00881461495157309,0.00920496750811398,0.297489833736045
0.00852630577650682,0.00894013905451262,0.297510883719856
0.00823908491349389,0.00867415433031892,0.29753127841074
0.00795295449230771,0.00840701947672961,0.297551017751316
0.00766791500272104,0.00813874214826559,0.297570101686048
0.0073839772548681,0.00786932025918368,0.29758853016124
0.00710114551645258,0.00759875793936108,0.297606303125044
0.00681942403982342,0.00732705933448101,0.297623420527454
0.00653881706191644,0.00705422860597577,0.29763988232031
0.0062593288041959,0.00678026993096944,0.297655688457296
0.00598096347259649,0.00650518750222029,0.29767083889394
0.00579849197006183,0.00633247937719852,0.297680206411248
0.00573290950355064,0.00628643601570217,0.297683075156545
0.00566753747870147,0.00624015197933802,0.297685917644576
0.00560237660933766,0.00619362793850783,0.297688733875022
0.00553742760740286,0.00614686456554586,0.297691523847564
0.00546906568717016,0.00610311332320092,0.297694287561889
0.0054004693062008,0.00605949273973762,0.297697025017685
0.005332148981993,0.00601554520342824,0.297699736214645
0.00526410598863655,0.00597127189532371,0.297702421152461
0.00519634159581545,0.00592667400101081,0.297705079830833
0.00512885706879258,0.00588175271059682,0.29770771224946
0.00506165366839431,0.00583650921869415,0.297710318408047
0.00499473265099525,0.00579094472440461,0.297712898306298
0.00463196461772587,0.0053998381107964,0.297729776246526
0.00426179732180581,0.00499561103708009,0.297745849277404
0.00389383191358754,0.00458939459254657,0.2977606350984
0.00352807846913389,0.00418119999244573,0.297774133627876
0.0031651893438867,0.00377049937951728,0.297786344791306
0.00280496318780524,0.00335748883164872,0.297797268521269
0.00244669633223607,0.00294277800523268,0.297806904757455
0.00209039677489008,0.00252637616039323,0.297815253446659
0.00173607246971325,0.00210829259487248,0.297822314542788
0.00138373132671037,0.00168853664382432,0.297828088006855
0.00103338121176852,0.00126711767960631,0.297832573806985
0.000685029946482583,0.000844045111571743,0.29783577191841
0.000483324346069052,0.000598406878326305,0.297837036724417
0.000432902822862617,0.00053858253742829,0.297837281581756
0.000382767420200301,0.000478523152064467,0.297837500206404
0.000332918973059017,0.00041822974891796,0.297837692598336
0.000284204139441017,0.00035703169689524,0.29783785875753
0.000235489273857251,0.000295833604715391,0.297837998683968
0.000186774381786964,0.000234635479261898,0.297838112377633
0.000138059468709276,0.000173437327417808,0.297838199838513
8.93445401034462e-05,0.000112239156066472,0.297838261066599
4.06296014486482e-05,5.10409720911389e-05,0.297838296061883
-8.08534177597006e-06,-1.01572176250571e-05,0.297838304824362
-5.68002840911699e-05,-7.13554061988024e-05,0.297838287354033
-0.00010551522001782,-0.000132553586746891,0.297838243650901
